88,0.0,836.7129021298254,311.5365444214876,36.58762549241533,90.58471074380162,1,-1,-1,-1
89,0.0,837.6378589319753,312.59038098993005,36.86576804328206,91.2556094661241,1,-1,-1,-1
90,0.0,839.4689555456265,313.9325950994757,37.23447765325636,92.16070886171065,1,-1,-1,-1
91,0.0,841.1370249725751,316.2987456481504,37.37466297906087,92.52196295938387,1,-1,-1,-1
92,0.0,842.9093120580013,318.0422178303499,37.46757282276337,92.836734368068,1,-1,-1,-1
93,0.0,843.9217043326138,319.23925991821113,37.87184063087159,94.01050071898328,1,-1,-1,-1
94,0.0,844.850361191994,319.7846146482902,38.562956026871575,95.94785566991112,1,-1,-1,-1
95,0.0,846.4696584806476,321.9506605450809,38.44295778416097,96.08855285079642,1,-1,-1,-1
96,0.0,848.2726245683237,323.12991972096563,38.51476209773182,96.7311152557653,1,-1,-1,-1
97,0.0,849.7355056869643,323.58556904075897,38.75802860790225,97.77497007329475,1,-1,-1,-1
98,0.0,851.7720104419687,323.53665101956415,38.995282763336604,98.42942510212174,1,-1,-1,-1
99,0.0,853.1185329268294,323.94610180646185,39.22315427707906,99.1014823802301,1,-1,-1,-1
100,0.0,854.6207480579274,323.9171479276786,39.700867388652114,100.35808100910941,1,-1,-1,-1
101,0.0,855.5830836328897,325.7816435467546,39.91931730916622,100.97166377941943,1,-1,-1,-1
102,0.0,856.922184385192,326.67573318410416,40.156224703223074,101.58554267469873,1,-1,-1,-1
103,0.0,857.9401552777307,327.2262651508594,40.72333669525153,103.3093190777588,1,-1,-1,-1
104,0.0,859.2733936402103,328.6601451945318,41.018889906672825,104.22380960492154,1,-1,-1,-1
105,0.0,859.8944580573157,328.4798783375944,42.1860984935596,107.48722659888324,1,-1,-1,-1
106,0.0,861.4727575859195,329.7830418926406,42.33373608037391,108.13343084520602,1,-1,-1,-1
107,0.0,862.8985109860073,330.54033027886504,42.523348879983246,108.9089984710215,1,-1,-1,-1
108,0.0,863.9695503732787,332.2881915736415,42.623580010434466,109.49379392497622,1,-1,-1,-1
109,0.0,864.8879719459159,333.2518118783943,42.6813681090149,109.92466514789896,1,-1,-1,-1
110,0.0,865.6747652417821,334.484616432946,42.5955379415567,109.72538125803521,1,-1,-1,-1
111,0.0,866.4343322670463,334.9900159334897,43.02527041769861,111.04942783923968,1,-1,-1,-1
112,0.0,867.4720292783103,335.6907093935646,43.400302107402126,111.93253646703312,1,-1,-1,-1
113,0.0,868.1088411717236,335.7194625029456,44.237061389438395,114.03766252908508,1,-1,-1,-1
114,0.0,868.9391504394732,335.72125502858034,44.72270651597114,115.13642058395476,1,-1,-1,-1
115,0.0,869.6724257171265,335.70103535050197,45.272784575771766,116.37832956978417,1,-1,-1,-1
116,0.0,870.3115637131878,335.7079397671031,45.912768768485535,117.919154231054,1,-1,-1,-1
117,0.0,870.9454399819182,336.7369618097024,46.34949028574306,118.83956371527904,1,-1,-1,-1
118,0.0,872.0642562529781,336.84482092475645,47.24460683825066,120.94847426571317,1,-1,-1,-1
119,0.0,873.5750352033402,337.6483169961054,47.824764000564755,121.92178960085124,1,-1,-1,-1
120,0.0,875.4314551163759,339.20503726767384,48.172195132873185,122.33393637011062,1,-1,-1,-1
121,0.0,877.1462911059615,340.81649131250873,48.36155307441925,122.77562541864131,1,-1,-1,-1
122,0.0,878.7458452448647,341.59004108664794,48.96300675358168,124.66438094598607,1,-1,-1,-1
123,0.0,880.0313860282843,342.7296225055571,49.47934694397122,126.4090998237649,1,-1,-1,-1
124,0.0,881.5682928949994,343.18955247089053,50.0138056471684,128.1797586494327,1,-1,-1,-1
125,0.0,883.8596155389878,343.4641572912311,50.47994162050486,129.7136858248079,1,-1,-1,-1
126,0.0,886.0312104269076,344.2439175179697,51.03452505259054,131.3991697198599,1,-1,-1,-1
127,0.0,888.7522129931374,345.15835909875744,51.41044855086204,132.65288332386194,1,-1,-1,-1
128,0.0,891.5333204562119,345.84952360561937,51.71110891339549,133.41327098027762,1,-1,-1,-1
129,0.0,894.1549539493961,346.4847060252855,52.615884312621915,135.2900747874778,1,-1,-1,-1
130,0.0,896.3586871084086,347.13989704110725,53.236821160851946,136.29056355207774,1,-1,-1,-1
131,0.0,898.1779756841461,348.1343002344626,54.37868360617745,138.99297260691458,1,-1,-1,-1
132,0.0,900.4541950573255,348.92724472098587,56.04862187473418,142.82738701702982,1,-1,-1,-1
133,0.0,902.024021150753,350.4974042410948,57.29006849127836,145.79245633237036,1,-1,-1,-1
134,0.0,903.2531118860434,352.1620125209907,58.06405740130867,148.25949994151915,1,-1,-1,-1
135,0.0,904.569543124154,353.48562145832216,58.238012921271775,149.79944073472222,1,-1,-1,-1
136,0.0,905.9622189056865,355.6084137170377,57.670390211367476,150.08358950208026,1,-1,-1,-1
137,0.0,907.7226485158358,356.9716582835737,57.343714629659985,151.91739075202338,1,-1,-1,-1
138,0.0,909.4364840753915,358.3112193110373,56.65348854275646,153.21350444747566,1,-1,-1,-1
139,0.0,911.1581905522013,360.0082623784233,55.77134606909567,154.62811679573872,1,-1,-1,-1
140,0.0,912.9610969903275,360.8023849518624,54.78645125616288,156.41590572856575,1,-1,-1,-1
141,0.0,915.5651211421431,358.9834738093986,53.20459654620913,157.12569182316207,1,-1,-1,-1
142,0.0,918.1040142324873,358.8585533734202,51.4692228865739,157.74470202970707,1,-1,-1,-1
143,0.0,920.4702109482217,360.27224109216894,50.0006676671303,159.7236889936416,1,-1,-1,-1
144,0.0,923.1271189453015,362.44748524414,47.494205532974775,158.47122673344995,1,-1,-1,-1
145,0.0,924.6619569095213,363.4023206560062,47.86103871470971,159.6973996964286,1,-1,-1,-1
146,0.0,926.1967998935836,364.35715606787244,48.22786185675989,160.9235726594071,1,-1,-1,-1
147,0.0,927.7316478974883,365.31199147973865,48.594674959125314,162.14974562238564,1,-1,-1,-1
148,0.0,929.2665009212354,366.26682689160486,48.961478021805874,163.37591858536427,1,-1,-1,-1
149,0.0,930.8013589648249,367.22166230347113,49.32827104480157,164.60209154834274,1,-1,-1,-1
275,1.0,819.7750087126947,315.07902892561987,33.37689373163539,106.22262396694214,1,-1,-1,-1
276,1.0,827.0154097947415,316.93774505552693,34.11575154844434,108.35412353514386,1,-1,-1,-1
277,1.0,835.6590456396582,318.7584339407633,33.92686886173544,107.17399554478311,1,-1,-1,-1
278,1.0,844.2312977244527,320.92300898580277,33.26346020397932,103.89805545615638,1,-1,-1,-1
279,1.0,852.3812979253753,323.8922293763111,35.252825986630455,109.18504587639029,1,-1,-1,-1
280,1.0,860.4000045876095,324.67430851673913,36.82141034652864,112.28609194427582,1,-1,-1,-1
281,1.0,868.5550902080455,323.8150968482529,39.03117986785969,115.72473299413684,1,-1,-1,-1
282,1.0,878.5232867090162,324.4257236586807,40.76937864210936,118.58659912787095,1,-1,-1,-1
283,1.0,888.8643251359551,324.1607930242667,41.96249577353103,119.9825874974153,1,-1,-1,-1
284,1.0,899.6515072915151,323.36843786457194,42.97519307692994,121.55679231225957,1,-1,-1,-1
285,1.0,912.0605748831499,323.909734634595,43.41478885545075,122.25651796528035,1,-1,-1,-1
286,1.0,920.3752746452459,323.8058338894419,43.33320896751786,123.9775344029062,1,-1,-1,-1
287,1.0,927.3335257512459,325.35321523426677,42.05746934655372,124.45480969396243,1,-1,-1,-1
288,1.0,935.9429367014267,326.0600334962244,42.54924825044429,125.91005086813868,1,-1,-1,-1
288,2.0,898.827786670428,289.71287448347107,39.44101756823477,98.9276859504132,1,-1,-1,-1
289,1.0,944.5523476062119,326.766851758182,43.04102724512563,127.36529204231493,1,-1,-1,-1
289,2.0,905.9730377978633,289.63434495477486,39.61619757419203,99.4360894705726,1,-1,-1,-1
290,1.0,953.1617584656017,327.4736700201396,43.532806330597964,128.82053321649124,1,-1,-1,-1
290,2.0,913.5919685131358,288.76578181718736,40.057686089325216,100.64952309107173,1,-1,-1,-1
291,1.0,961.771169279596,328.18048828209726,44.02458550686117,130.2757743906675,1,-1,-1,-1
291,2.0,920.5967803102285,288.85291375754616,40.284365550726534,101.60918103024778,1,-1,-1,-1
292,1.0,970.380580048195,328.88730654405487,44.51636477391526,131.7310155648438,1,-1,-1,-1
292,2.0,925.3325016684136,288.1919781837153,40.26625480720588,102.91811327291668,1,-1,-1,-1
293,2.0,930.363609492304,289.0386728932716,38.68294420057953,101.6134869370926,1,-1,-1,-1
294,2.0,935.5239616890368,288.87224337378274,38.87311341741224,102.11304249586283,1,-1,-1,-1
295,2.0,940.6843139109288,288.70581385429387,39.06328258392625,102.61259805463305,1,-1,-1,-1
296,2.0,945.8446661579803,288.539384334805,39.25345170012156,103.11215361340334,1,-1,-1,-1
297,2.0,951.0050184301911,288.3729548153161,39.44362076599816,103.61170917217356,1,-1,-1,-1
298,2.0,956.1653707275613,288.2065252958272,39.63378978155606,104.11126473094379,1,-1,-1,-1
352,3.0,709.5430528546298,341.3853305785124,48.58486536512066,98.10795454545456,1,-1,-1,-1
353,3.0,710.527823160711,342.6178032914057,49.06259846613807,98.76572485666253,1,-1,-1,-1
354,3.0,711.6728866529735,344.4660792049244,49.84735864426273,100.05640771410242,1,-1,-1,-1
355,3.0,713.604051829136,346.2140397752013,49.78665778973141,99.71041211055945,1,-1,-1,-1
356,3.0,714.0089857251959,347.7649459411042,50.329095976831354,100.03289889348446,1,-1,-1,-1
357,3.0,713.8500068934256,348.9662004077479,51.188553980505844,101.38251568249677,1,-1,-1,-1
358,3.0,717.1185784334783,349.7578025161401,50.71654991821356,102.10112840817948,1,-1,-1,-1
359,3.0,714.433117985671,352.13537309469655,50.195999710711135,101.322228887584,1,-1,-1,-1
359,4.0,787.1204275096338,338.6231921487603,48.82835985676547,102.55526859504135,1,-1,-1,-1
360,3.0,713.1239083704816,354.7978788127508,50.21774453438945,101.7594353138972,1,-1,-1,-1
360,4.0,788.3705932695459,342.89842249758516,48.15740144984579,101.19912928813818,1,-1,-1,-1
361,3.0,718.304788339434,355.5801726128132,50.65543269503439,105.37533956483287,1,-1,-1,-1
361,4.0,789.5405582019869,346.95942057436656,47.177984975104096,99.07418342333665,1,-1,-1,-1
362,3.0,721.0227947395887,357.510946696469,49.76108358659906,106.3733687463776,1,-1,-1,-1
362,4.0,790.5083058629434,349.69086112574485,46.68971566003597,98.0488135724367,1,-1,-1,-1
363,3.0,722.6174775516129,358.9617130120292,49.10186247470028,107.58418919340806,1,-1,-1,-1
363,4.0,788.2731114415109,346.2009576816737,49.4789298995496,104.88399849232951,1,-1,-1,-1
364,3.0,722.3239072636601,361.9420387805691,49.21101743225279,109.12049528832176,1,-1,-1,-1
364,4.0,787.7819398727878,352.8285807296124,47.785978206369805,102.6207269499211,1,-1,-1,-1
365,3.0,722.1239275955006,365.14119879747966,49.06181920970687,109.34391541290432,1,-1,-1,-1
365,4.0,786.6901215697377,355.45934335626777,46.88065247669522,102.46767614843685,1,-1,-1,-1
366,3.0,721.5249502619481,367.747137128447,49.29257719240263,110.53940964352734,1,-1,-1,-1
366,4.0,785.5995341136384,355.4372513790417,47.148199472622196,104.8751273664019,1,-1,-1,-1
367,3.0,722.4530895186188,369.95127066801587,49.40798032278474,111.90323753862947,1,-1,-1,-1
367,4.0,783.9987998983374,353.8636861323623,48.09008111481819,109.2151346849725,1,-1,-1,-1
368,3.0,723.696571185757,373.27834952274407,48.89128803737253,111.81760661806243,1,-1,-1,-1
368,4.0,783.2894194891718,351.0351064398383,49.74342204691402,114.89036003932176,1,-1,-1,-1
369,3.0,725.1742501521334,374.66022527352453,48.80920184992556,113.1404159552979,1,-1,-1,-1
369,4.0,782.2477056636619,351.610530659407,50.312061791673045,116.90615389980019,1,-1,-1,-1
369,6.0,663.0258487429102,340.67820247933884,53.04205251417977,106.4638429752066,1,-1,-1,-1
370,3.0,726.7376474000214,376.5044581759265,48.76566675656318,114.18499924338829,1,-1,-1,-1
370,4.0,779.1091357790323,353.9432151036626,50.893757930595484,116.93326262442412,1,-1,-1,-1
370,6.0,662.3778804793986,340.69272985537185,53.55673904120272,107.49690082644628,1,-1,-1,-1
371,3.0,727.3536109252962,378.3415984552562,48.07940661494047,113.89625600192437,1,-1,-1,-1
371,4.0,777.1218069353225,355.73978542704805,51.704682885397006,116.79086480049517,1,-1,-1,-1
371,6.0,670.2645674131353,340.77294043759167,55.19991682914895,112.60896602314585,1,-1,-1,-1
372,3.0,727.4018039971178,380.2787661424889,48.14003168994134,115.06225265891919,1,-1,-1,-1
372,4.0,776.5782135999251,358.6470210147747,52.51849685105344,116.67967953421004,1,-1,-1,-1
372,6.0,671.7312211721691,342.15246724838204,54.38350754900796,113.01526252944808,1,-1,-1,-1
373,3.0,727.3202263236806,380.7204312001537,47.939261361832905,115.47654731882255,1,-1,-1,-1
373,4.0,777.5825179665406,360.0642851960402,53.113413236945576,116.4650354891466,1,-1,-1,-1
373,6.0,672.4969454039285,344.3030505897129,53.20653080937211,112.56915136346441,1,-1,-1,-1
374,3.0,725.5464432994792,381.5976975574875,48.0103134318922,117.28375052045413,1,-1,-1,-1
374,4.0,777.1284326916219,361.0252332176566,54.16020348842062,117.24420208057762,1,-1,-1,-1
374,6.0,673.0663186908859,344.6048532391608,52.49010338683229,113.01532981314011,1,-1,-1,-1
375,3.0,725.0310609375498,381.7334610491076,47.90509031870954,119.24955773661668,1,-1,-1,-1
375,4.0,776.5032655208631,361.9268465156328,54.70749296121198,117.38093708159408,1,-1,-1,-1
375,6.0,672.8036289330489,344.71325803876346,51.89406624707658,113.63093110366788,1,-1,-1,-1
376,3.0,724.813378568249,381.9297120366723,47.980101400252124,121.55946135592387,1,-1,-1,-1
376,4.0,776.5866391371376,362.52849223568,54.9018478168656,117.31281378447812,1,-1,-1,-1
376,6.0,672.003597671445,345.22052236383854,50.999965579622426,113.42716886548351,1,-1,-1,-1
377,3.0,724.7707752471938,382.053860912213,47.825518655276255,123.22365543595487,1,-1,-1,-1
377,4.0,775.5200676163158,362.667934011495,54.71534249213505,117.33512056102848,1,-1,-1,-1
377,6.0,670.9013851272479,345.01569689999354,50.27793430339716,113.17699740628245,1,-1,-1,-1
378,3.0,724.4789238885836,382.3910219299605,48.01377087549815,125.57279896542815,1,-1,-1,-1
378,4.0,773.6453252798445,362.2237074078296,54.84482849751464,118.9192081178627,1,-1,-1,-1
378,6.0,668.6254450823772,344.65386234224394,49.73303144131137,113.04653355074134,1,-1,-1,-1
379,3.0,724.2659280807153,382.5894912943445,48.33494211308971,128.26081822731732,1,-1,-1,-1
379,4.0,772.0123028971788,361.7344386764225,55.17664733787035,121.09119697573152,1,-1,-1,-1
379,6.0,667.0647470641011,343.9369137064849,49.583463949341535,113.59417536485512,1,-1,-1,-1
380,3.0,723.8804436830133,382.479525264409,48.466651431546325,130.38616703450094,1,-1,-1,-1
380,4.0,768.5710538646532,360.61964140600134,54.94183149910725,122.29938406108829,1,-1,-1,-1
380,6.0,666.743097938271,344.1494629633995,49.846701679931016,114.19729899263473,1,-1,-1,-1
381,3.0,723.1980453522906,383.2499085833575,48.742458406075684,132.69723856268695,1,-1,-1,-1
381,4.0,764.0603676357794,360.6532243388462,54.54912749120058,124.23949689567661,1,-1,-1,-1
381,6.0,666.4214489373104,344.3620122203141,50.109939160782005,114.80042262041434,1,-1,-1,-1
382,3.0,723.8877706359865,384.5473036054156,49.124484059580254,133.7797836219442,1,-1,-1,-1
382,4.0,760.4999705709212,361.6967892333364,52.774005295599295,123.68319068488046,1,-1,-1,-1
382,6.0,666.0998000612191,344.5745614772287,50.37317639189416,115.403546248194,1,-1,-1,-1
383,3.0,722.6100294524134,385.57268308988193,49.43125599419159,134.7892975649687,1,-1,-1,-1
383,4.0,756.4009660342733,362.190739494548,51.91222397691695,124.36712413158364,1,-1,-1,-1
383,6.0,665.7781513099972,344.78711073414325,50.636413373267715,116.00666987597361,1,-1,-1,-1
384,3.0,722.3842854788187,386.7763071943243,50.455254433787786,136.42480744826162,1,-1,-1,-1
384,4.0,752.8006183956095,363.0960960363139,51.49670380242355,124.67703104478022,1,-1,-1,-1
384,6.0,665.4565026836445,344.99965999105785,50.89965010490266,116.60979350375328,1,-1,-1,-1
385,3.0,721.1694647373511,389.3900345501712,51.070588420846775,137.08207270602065,1,-1,-1,-1
385,4.0,749.6220576169503,364.22024041333344,51.63475528378751,125.86965499536353,1,-1,-1,-1
386,3.0,716.2314645953913,390.4703069826188,51.170384656079136,138.25734679498441,1,-1,-1,-1
386,4.0,747.4873488600227,365.3197251767332,52.384508998340834,127.89009453187009,1,-1,-1,-1
387,3.0,713.1191466948687,390.97513006932144,51.03195937870453,139.22806983870686,1,-1,-1,-1
387,4.0,746.0294548692254,365.8823366013942,52.970526299558855,129.11980491634915,1,-1,-1,-1
388,3.0,709.8998710304762,391.41225386303114,51.21584905855468,141.99828839298215,1,-1,-1,-1
388,4.0,744.6596744745672,367.1650458698847,53.20492508221241,129.88170568512396,1,-1,-1,-1
389,3.0,706.6087267835168,392.0525363395744,51.199144634115555,143.74312824962948,1,-1,-1,-1
389,4.0,743.4637673697536,367.4874468899893,53.86458483339368,131.03564249912813,1,-1,-1,-1
390,3.0,704.6286820193367,392.99412893512465,51.714821506632575,146.88384841051356,1,-1,-1,-1
390,4.0,740.3337189257165,369.31630672164334,53.56745051918335,131.19561370614116,1,-1,-1,-1
391,3.0,702.0265081662725,393.95183235722726,52.19432968922263,149.2548956038152,1,-1,-1,-1
391,4.0,739.736918610388,370.9268534602837,53.97684312622221,131.87410611248612,1,-1,-1,-1
392,3.0,699.2672418373265,394.65202225637825,52.69476965011654,151.65292515043632,1,-1,-1,-1
392,4.0,737.3157590830482,368.8466603119262,54.96864550034559,134.06605095604556,1,-1,-1,-1
393,3.0,695.3516798700822,396.06954059968,52.44290460379261,152.59777047557833,1,-1,-1,-1
393,4.0,731.5601721056262,369.1301720848455,55.42015058917934,136.01125238646273,1,-1,-1,-1
393,7.0,600.7558323487395,342.4972236570248,28.535597699214918,116.78047520661158,1,-1,-1,-1
394,3.0,692.6572673933258,397.5482129074395,51.89253809390323,152.4868357390227,1,-1,-1,-1
394,4.0,726.1294442322908,370.1454465387664,53.86088493815373,133.70351768480617,1,-1,-1,-1
394,7.0,594.720499826907,343.1413924957679,28.737703048887965,117.2484688792594,1,-1,-1,-1
395,3.0,689.4495613640257,398.56362184820017,51.890572196001926,153.03170023643992,1,-1,-1,-1
395,4.0,719.3133570284799,369.7335988497209,54.34075146500993,137.46074161627405,1,-1,-1,-1
395,7.0,589.5246593368544,344.18006496777264,29.435006687913756,119.5168082721375,1,-1,-1,-1
396,3.0,686.1526348395968,400.0482058427212,52.544440556244126,155.06538370512163,1,-1,-1,-1
396,4.0,716.0223060343761,370.2294262544987,54.76914865494757,138.54482643268642,1,-1,-1,-1
396,7.0,584.9627176144508,344.16680444112114,29.821109894146616,120.77882510260184,1,-1,-1,-1
397,3.0,682.1984158790709,401.23115941205464,53.057226788289086,156.36253616730374,1,-1,-1,-1
397,4.0,712.7312563033068,370.7252536592765,55.19754331881654,139.62891124909873,1,-1,-1,-1
397,7.0,578.4921478543289,344.30170135758726,30.771106095142386,124.17072556416156,1,-1,-1,-1
398,3.0,677.0381765954021,403.5173750060941,52.79868548607283,155.17238080379957,1,-1,-1,-1
398,4.0,709.4402078352718,371.22108106405426,55.62593545661673,140.7129960655111,1,-1,-1,-1
398,7.0,571.9721672749797,345.7244817308532,30.51520519015139,123.2198733554419,1,-1,-1,-1
399,3.0,671.4543003776457,404.3350018201118,53.27049216969158,154.57040052884855,1,-1,-1,-1
399,4.0,706.1491606302714,371.71690846883206,56.054325068348135,141.79708088192348,1,-1,-1,-1
399,7.0,566.5573703732762,347.05241064968664,31.061921850516796,124.74852386653436,1,-1,-1,-1
400,3.0,667.7446040374939,405.44289690074976,52.758334565381915,150.84269482558244,1,-1,-1,-1
400,4.0,702.8581146883051,372.21273587360986,56.48271215401087,142.88116569833574,1,-1,-1,-1
400,7.0,561.6129716555342,347.7097693495414,31.357148843093682,125.93418657084015,1,-1,-1,-1
401,3.0,662.0584771886481,406.57972514960323,53.2316033307967,149.7919433465043,1,-1,-1,-1
401,7.0,552.4281878562092,347.2092937275005,34.49445670196633,132.37464523278982,1,-1,-1,-1
402,3.0,656.182534926803,407.4589985052452,53.9312215981256,148.88635529350847,1,-1,-1,-1
402,7.0,544.7578114728736,347.9047964832192,35.563540483361976,132.41314466578064,1,-1,-1,-1
403,3.0,652.3926995925832,408.91493738783106,50.94293297617912,135.27396170654663,1,-1,-1,-1
403,7.0,533.2740119478271,348.197429221652,35.249444648739086,130.38433495175576,1,-1,-1,-1
404,3.0,645.2853084479631,411.55420197097135,54.20528095992859,141.6321067822854,1,-1,-1,-1
404,7.0,538.2740814132601,350.21664621096687,36.46061224657967,136.687474396874,1,-1,-1,-1
405,3.0,636.4058030670203,413.04058092110796,56.11940389016627,143.13879342951117,1,-1,-1,-1
405,7.0,520.7010910427914,349.74589021495143,36.24389730747578,133.96120655913,1,-1,-1,-1
406,3.0,620.4289937545058,413.86007076760797,59.43544651009904,143.4021583383206,1,-1,-1,-1
406,7.0,508.00417003690933,350.39982892363446,36.0815285975612,132.1197719760745,1,-1,-1,-1
406,9.0,525.204133212307,351.76368801652893,40.06267882331997,140.0940082644628,1,-1,-1,-1
407,3.0,618.4059832319538,415.53181828336596,59.64707329254122,142.1018222319426,1,-1,-1,-1
407,7.0,500.65342810849125,352.55049766460274,36.713094148177504,132.86464143063455,1,-1,-1,-1
407,9.0,516.8007254986917,353.2490747435169,40.255778519644196,140.21673324250656,1,-1,-1,-1
408,3.0,611.4536955935802,416.4193500627633,60.328435036837504,141.61619016816366,1,-1,-1,-1
408,7.0,489.92698289994996,353.63436077046686,35.940543387616344,130.97021340212137,1,-1,-1,-1
408,9.0,507.6190163077039,353.8868196268979,40.95216371526567,140.8868061401712,1,-1,-1,-1
409,3.0,604.6349477701403,417.85202704867345,60.73115987898325,140.61462590607755,1,-1,-1,-1
409,7.0,482.4378020868701,354.41269331706314,36.11266974200555,131.59738111740086,1,-1,-1,-1
409,9.0,499.23021683684215,355.04385985303367,41.62354961778556,141.91144054930703,1,-1,-1,-1
410,3.0,598.1054809758294,420.92391046286207,59.809293044083006,136.926940305323,1,-1,-1,-1
410,7.0,474.9486211763825,355.1910258636593,36.284796291210114,132.22454883268034,1,-1,-1,-1
410,9.0,490.4653302477389,356.49269149288074,42.34537022900969,142.76912505587887,1,-1,-1,-1
411,3.0,589.8522979628793,423.59949199893305,58.7142512437448,133.2115519438343,1,-1,-1,-1
411,7.0,467.45944016848716,355.9693584102556,36.45692303523026,132.85171654795982,1,-1,-1,-1
411,9.0,480.04667084893305,356.7032812935212,43.100116247003996,143.82504448944871,1,-1,-1,-1
412,3.0,580.8883641047654,424.07106894504454,58.737163487193015,132.03976909597407,1,-1,-1,-1
412,7.0,459.9702590631841,356.7476909568518,36.62904997406582,133.4788842632393,1,-1,-1,-1
412,9.0,470.26599524926775,357.3586854170121,44.15236525462973,144.77470974735422,1,-1,-1,-1
413,3.0,571.045703015851,425.0650055750657,59.12893195752292,131.8175624527255,1,-1,-1,-1
413,7.0,452.48107786047325,357.5260235034481,36.80117710771691,134.1060519785188,1,-1,-1,-1
413,9.0,458.8228297567967,357.5963166159549,45.66055278894737,146.8680000430905,1,-1,-1,-1
413,10.0,539.8732045366363,398.51936983471074,53.58520249697551,137.91012396694208,1,-1,-1,-1
414,3.0,560.5458061035434,425.5436592291629,59.32065679570212,131.27512610079737,1,-1,-1,-1
414,9.0,441.89513565152316,357.1734150015246,46.18720594429902,147.9462058218861,1,-1,-1,-1
414,10.0,526.9169937056714,402.1686691960013,57.26416655983144,148.33935213373383,1,-1,-1,-1
415,3.0,546.4212663441335,426.83252467303754,59.77908307261191,129.69458800300805,1,-1,-1,-1
415,9.0,424.5448377943907,355.5695878735563,47.39572171689622,151.3092621283775,1,-1,-1,-1
415,10.0,514.0715054384864,404.3876503285462,57.93068087474637,151.39574373570213,1,-1,-1,-1
416,3.0,537.2678674253365,427.85332210348474,59.451341671710566,128.4756098203478,1,-1,-1,-1
416,9.0,408.2663664891656,355.0335041082436,48.526512689791105,153.6066803168178,1,-1,-1,-1
416,10.0,502.3740144159426,405.84598910197644,57.62996669263043,152.24253429663088,1,-1,-1,-1
417,3.0,525.9805041003281,430.10213468203506,58.833811261602705,126.14147531585581,1,-1,-1,-1
417,9.0,392.38820218409535,355.1068301755008,50.02559223376721,155.41888421235035,1,-1,-1,-1
417,10.0,490.8643931627481,406.8983880921233,56.93163310755085,151.70420677683768,1,-1,-1,-1
418,3.0,514.2638870736786,431.7215576542377,58.71058118734834,124.89920572648043,1,-1,-1,-1
418,9.0,377.40520263423196,355.7033607354683,51.488604028412624,156.6307796579972,1,-1,-1,-1
418,10.0,479.3354705174696,408.22808725196836,55.702833562379396,150.05251125583214,1,-1,-1,-1
419,3.0,502.57093130145114,432.7039918247111,58.61884905324297,124.40343494722345,1,-1,-1,-1
419,9.0,361.9815711020874,355.8279406468677,52.97886026975135,158.59672712510888,1,-1,-1,-1
419,10.0,467.5476250636211,409.7276322224138,54.42662933150939,148.47821283258855,1,-1,-1,-1
420,3.0,489.4906195655926,435.2368736570547,57.9900225477661,122.46959814017163,1,-1,-1,-1
420,9.0,347.90960249303777,357.0857717792386,54.39682986511394,159.29419633491636,1,-1,-1,-1
420,10.0,453.81834912068757,411.364953301528,53.5261324584755,147.3182850573047,1,-1,-1,-1
421,3.0,475.25017830522296,437.5407486478594,57.509968328598404,120.4981301921377,1,-1,-1,-1
421,9.0,333.0365902346258,357.88807926216526,56.147267958522264,160.73310381672837,1,-1,-1,-1
421,10.0,439.33950106864694,412.5233111330506,52.79797695455284,145.91383710525383,1,-1,-1,-1
422,3.0,460.7441415576417,438.7966063421848,57.46696808880665,119.60983112635421,1,-1,-1,-1
422,9.0,318.668588099957,357.5736332240275,58.34861429224787,163.60484866068293,1,-1,-1,-1
422,10.0,422.73788692140823,413.9905480677336,52.460547179324806,144.68699400699563,1,-1,-1,-1
423,3.0,445.62544896414755,440.9772656864039,57.099663353408175,117.53201937797877,1,-1,-1,-1
423,9.0,303.8611579850903,358.2574354253488,59.75704917688029,164.73312318300003,1,-1,-1,-1
423,10.0,407.4494603510684,415.7682682442288,51.69294805403831,142.6169209158536,1,-1,-1,-1
424,3.0,430.04331783407713,442.66391290978316,56.4019990073827,114.88323990327689,1,-1,-1,-1
424,9.0,288.02695667319887,359.3268841585581,61.40366477422771,166.41448819383152,1,-1,-1,-1
424,10.0,390.3548052662279,417.56681508002725,50.9822590023428,140.99756904225637,1,-1,-1,-1
425,3.0,413.3359954709044,445.32244408050803,55.97603222539158,112.86940789629296,1,-1,-1,-1
425,9.0,270.1683536212825,360.1932562671854,63.46986266209086,168.22804887356943,1,-1,-1,-1
425,10.0,373.6121791848745,419.2288107951864,50.437155985918196,138.8914751280605,1,-1,-1,-1
426,3.0,398.08886524572887,448.1510622867101,54.82383382007487,109.3284150685534,1,-1,-1,-1
426,9.0,252.94117561736368,361.46923930304933,65.15818238508643,169.68343082921672,1,-1,-1,-1
426,10.0,356.90647492894266,421.54270085709896,49.884408953945524,136.6948874591281,1,-1,-1,-1
427,3.0,380.898169302812,453.0740470903508,53.58070396832164,105.59721957063022,1,-1,-1,-1
427,9.0,237.1116181217567,364.7589485682308,66.43375914836759,169.61232254326768,1,-1,-1,-1
427,10.0,339.91646877239845,424.65397482213973,49.570039059122166,133.55128137185955,1,-1,-1,-1
428,3.0,365.8950220437913,458.5024413637453,51.32057271693213,99.46916146915379,1,-1,-1,-1
428,9.0,219.03613894416435,367.6693798493038,68.41866070190207,171.49136173303896,1,-1,-1,-1
428,10.0,320.1687570782987,428.4079350111422,49.18708978053081,129.55423801589654,1,-1,-1,-1
429,3.0,347.27624754007076,464.36933942360656,49.59666178948254,93.81659270738828,1,-1,-1,-1
429,9.0,194.47484684913047,369.46099663594873,67.41667159991857,164.4773931001755,1,-1,-1,-1
429,10.0,297.64563898223054,436.4500077239554,47.3504591593304,121.73560063800085,1,-1,-1,-1
430,3.0,330.32775594962106,470.0126424392865,47.308131905792266,87.820313492906,1,-1,-1,-1
430,9.0,176.1381506170737,372.5590649949686,69.56507651650347,170.2661499612734,1,-1,-1,-1
430,10.0,279.02653522419337,444.7313716333185,45.53607999196163,113.04633846180997,1,-1,-1,-1
431,3.0,310.25560658959927,475.1910630457311,45.82109768620984,82.67663070138326,1,-1,-1,-1
431,9.0,151.9953940843483,375.53193628064093,69.79149124848445,173.09420635402182,1,-1,-1,-1
431,10.0,257.9089039932851,446.4791687907655,46.5383003428729,110.72790383928844,1,-1,-1,-1
432,3.0,289.0648614092285,480.04443676465434,44.718989682195,78.03599775285892,1,-1,-1,-1
432,9.0,129.49192530676842,377.1369957638483,69.91823765489309,174.71245001573823,1,-1,-1,-1
432,10.0,233.98015656730502,448.7754571100591,47.29083069244996,108.17880726530319,1,-1,-1,-1
433,3.0,268.83182768336775,485.57895490104005,43.20048253832755,72.52219689479665,1,-1,-1,-1
433,9.0,111.66219345825775,379.97466991107615,69.02883517977247,168.4993133878544,1,-1,-1,-1
433,10.0,208.38521498966017,452.02556882410283,48.462124491745925,105.25305816376044,1,-1,-1,-1
433,12.0,244.35835196045434,421.1110537190083,39.89228368239708,126.53925619834706,1,-1,-1,-1
434,3.0,245.32261499781768,489.71464974740513,42.003628545511134,67.94974125282556,1,-1,-1,-1
434,9.0,83.54787652066878,382.0019493752061,69.71644257373941,171.26623258005225,1,-1,-1,-1
434,10.0,180.77156714597749,455.4724015677773,49.72316038856346,101.93259695903225,1,-1,-1,-1
434,12.0,240.44035069091402,421.62112603305786,39.2572118413124,124.52479338842977,1,-1,-1,-1
435,3.0,223.43255832719996,495.941661578343,39.92343885497212,62.04487879154567,1,-1,-1,-1
435,9.0,61.2757861536291,384.5942853562805,70.40091625449699,171.2832333562106,1,-1,-1,-1
435,10.0,157.07199382067378,459.0162459450115,51.109247004626496,99.2874693242062,1,-1,-1,-1
435,12.0,236.52234942181826,422.1311983471075,38.62213999933863,122.51033057851242,1,-1,-1,-1
436,3.0,200.13405331107046,503.0136118640386,37.92049571810759,55.85392770269971,1,-1,-1,-1
436,9.0,30.152327605740417,386.10191528221003,69.28284894588131,171.50450752964866,1,-1,-1,-1
436,10.0,131.30279618210088,463.8310253668228,51.77876827265797,94.78166060706644,1,-1,-1,-1
436,12.0,232.60434815316708,422.64127066115714,37.98706815647566,120.49586776859508,1,-1,-1,-1
437,3.0,181.6305436357422,507.9366116382632,34.703977939006364,51.11485960023907,1,-1,-1,-1
437,9.0,4.432686895962284,387.35702533661896,68.75677275495752,170.57339062386046,1,-1,-1,-1
437,10.0,106.62819286785212,469.0202397459767,51.56367934779827,89.29153700128859,1,-1,-1,-1
437,12.0,228.68634688496047,423.1513429752067,37.3519963127236,118.48140495867767,1,-1,-1,-1
438,3.0,163.1271213731177,512.8596114124878,31.487285334497756,46.37579149777855,1,-1,-1,-1
438,9.0,-16.433165260601115,389.06528094462703,68.95289204612469,171.0594812881742,1,-1,-1,-1
438,10.0,78.82735513979219,473.76121388178973,51.50429077067139,84.9840844145894,1,-1,-1,-1
438,12.0,224.76834561719846,423.66141528925635,36.71692446808231,116.46694214876032,1,-1,-1,-1
439,3.0,144.62378652319688,517.7826111867124,28.270417904581706,41.636723395318086,1,-1,-1,-1
439,9.0,-37.29901792872605,390.77353655263516,69.14901236041491,171.54557195248788,1,-1,-1,-1
439,10.0,49.11555585399487,478.646339088977,50.970883131000555,79.71926372100711,1,-1,-1,-1
439,15.0,594.9496683215406,342.0343491735538,32.31799290237325,120.25568181818181,1,-1,-1,-1
440,3.0,126.12053908597976,522.7056109609371,25.05337564925823,36.89765529285751,1,-1,-1,-1
440,9.0,-58.16487110841253,392.48179216064324,69.34513369782822,172.03166261680173,1,-1,-1,-1
440,10.0,18.634288274508645,483.406757372809,50.92981119093041,75.2590365926817,1,-1,-1,-1
440,15.0,584.5039356564391,342.63250442940085,32.996268678419256,122.01293277464345,1,-1,-1,-1
441,3.0,107.61737906146635,527.6286107351617,21.836158568527367,32.15858719039704,1,-1,-1,-1
441,9.0,-79.03072479966053,394.1900477686513,69.5412560583646,172.51775328111546,1,-1,-1,-1
441,10.0,-4.794346487535584,487.5349733777334,48.26700585946098,71.32370495848454,1,-1,-1,-1
441,15.0,572.7366813740013,348.22008073690716,31.96894868623201,116.64322197555936,1,-1,-1,-1
442,9.0,-99.8965790024701,395.8983033766594,69.73737944202405,173.0038439454292,1,-1,-1,-1
442,10.0,-28.222962530071925,491.66318938265783,45.60416308897577,67.38837332428727,1,-1,-1,-1
442,15.0,560.2453996467608,351.1018880687425,31.516577944297524,112.93505631036362,1,-1,-1,-1
443,10.0,-51.65155985310038,495.7914053875823,42.94128287947478,63.453041690090174,1,-1,-1,-1
443,15.0,550.1464824907113,354.1695765762759,32.65283769038581,113.37667724729937,1,-1,-1,-1
444,10.0,-75.08013845662094,499.9196213925067,40.278365230958016,59.517710055892906,1,-1,-1,-1
444,15.0,536.5858441518928,355.2100627522723,34.21354517248369,115.31494613271565,1,-1,-1,-1
445,10.0,-98.50869834063363,504.0478373974311,37.61541014342548,55.58237842169575,1,-1,-1,-1
445,15.0,520.4243941045794,355.53998688363504,35.79952705544133,118.63113869878589,1,-1,-1,-1
446,15.0,505.2262528814218,355.0549041244872,37.82615460732535,123.35920363738637,1,-1,-1,-1
447,15.0,489.3580961772998,353.6026981989747,39.681039134700086,128.3467017191038,1,-1,-1,-1
448,15.0,474.27189315837614,353.40681740045875,40.875108556543694,130.8705347101175,1,-1,-1,-1
449,15.0,458.82659949516926,353.41730238066845,42.45415080699195,134.49445652307486,1,-1,-1,-1
450,15.0,443.1928560936057,353.9795192832844,43.28998309084096,135.9931996531534,1,-1,-1,-1
450,17.0,925.153256596804,402.88920454545456,27.873497136970627,154.50516528925624,1,-1,-1,-1
451,15.0,427.4837651636388,356.6732021092247,43.78927467870159,136.259461101285,1,-1,-1,-1
451,17.0,918.3179604561892,404.58650105839376,28.4423200805021,152.80368081340168,1,-1,-1,-1
452,15.0,412.77424252384424,359.7753680143352,43.94961510586603,134.82048621284878,1,-1,-1,-1
452,17.0,909.3889144976611,405.4605721739524,29.85832269766263,151.36461785067627,1,-1,-1,-1
453,15.0,396.5259887397451,362.7536400442487,44.22205254271478,133.62807312111937,1,-1,-1,-1
453,17.0,899.9954310784059,405.0051255468376,32.524570872812546,151.25368706645838,1,-1,-1,-1
454,15.0,378.2800624184545,365.0085013542131,44.97257538672761,135.2758376213671,1,-1,-1,-1
454,17.0,886.0172825995371,404.5765499898489,35.776776798808896,151.5432457978868,1,-1,-1,-1
455,15.0,359.640840387936,367.0399860135018,45.35633789911253,137.17556181645404,1,-1,-1,-1
455,17.0,869.2542451622705,404.5039816534278,39.21036649865766,151.6829741488591,1,-1,-1,-1
456,15.0,340.1106721160162,367.04502407698453,46.97911588650584,143.34181576873254,1,-1,-1,-1
456,17.0,851.1469728193068,402.2890079984203,43.22847239265968,153.7465280880716,1,-1,-1,-1
457,15.0,320.3095105119778,366.6651655482121,48.895357642205,151.46196373193828,1,-1,-1,-1
457,17.0,831.7472570866516,400.6449746831477,47.14745012350386,155.3555844342406,1,-1,-1,-1
458,15.0,300.9798152954361,367.0693294677667,49.677468201861586,156.08355512029448,1,-1,-1,-1
458,17.0,812.9152805104563,399.52622112069923,50.93499076241278,156.2023934569164,1,-1,-1,-1
458,18.0,400.2742566111735,337.88613765495865,43.61328946360345,121.51704545454544,1,-1,-1,-1
459,15.0,281.05931219018703,369.1186678674258,50.58384034983868,160.554845102652,1,-1,-1,-1
459,17.0,793.6187988463263,398.8655901586902,54.47611188201233,156.75909279691075,1,-1,-1,-1
459,18.0,385.8408733848789,339.1691330664735,43.985482420811366,122.71043187593796,1,-1,-1,-1
460,15.0,259.4525632347868,372.9321348499812,51.37968334184285,164.86772678359972,1,-1,-1,-1
460,17.0,775.0062686566206,399.41083724060087,57.480560696655516,156.20392535916807,1,-1,-1,-1
460,18.0,369.695595480523,339.61696228106223,44.32371672325098,123.83253071710163,1,-1,-1,-1
461,15.0,237.58520890879964,379.13689575505146,51.56361833207143,165.66109603095742,1,-1,-1,-1
461,17.0,756.0281756983208,401.3985673659177,59.90529497098885,154.5640646579489,1,-1,-1,-1
461,18.0,353.497081134333,342.964048171555,44.17545317951823,123.45834154780368,1,-1,-1,-1
462,15.0,215.2678868799545,383.720837061883,52.09718465205148,167.15180673652003,1,-1,-1,-1
462,17.0,737.4772340505481,405.1550402215214,61.62930800652509,151.01794532872339,1,-1,-1,-1
462,18.0,337.73907485351873,347.75905547483893,43.74805394933708,122.07228883323893,1,-1,-1,-1
463,15.0,194.37776236467425,388.32112396070073,52.456112106822104,166.01661258023347,1,-1,-1,-1
463,17.0,718.9217993265391,410.5929093913751,62.48119404904594,145.91509771253072,1,-1,-1,-1
463,18.0,322.44664446140524,349.68330234784185,44.354856059493784,122.73870800845765,1,-1,-1,-1
464,15.0,174.99549435406647,392.22090222989436,53.91234366921876,164.65648916899136,1,-1,-1,-1
464,17.0,701.2621360416294,417.72445142393263,62.59668423186713,139.05849352113563,1,-1,-1,-1
464,18.0,306.45430071988045,352.0921688023327,45.25154439095911,123.7820666467565,1,-1,-1,-1
465,15.0,152.29595266659697,396.530838076852,55.35891360396562,161.8399530162959,1,-1,-1,-1
465,17.0,683.6336173450015,424.0982420928025,62.88255431269886,132.8395586089456,1,-1,-1,-1
465,18.0,289.8116574551741,356.5474723585438,45.59189772057732,122.2843877847132,1,-1,-1,-1
466,15.0,127.33362392550359,398.9777928704018,57.415057500863156,159.45175366822264,1,-1,-1,-1
466,17.0,666.1522203022676,430.7788228349839,62.66954298884514,126.13870021789046,1,-1,-1,-1
466,18.0,272.20686321783523,359.84995434133896,46.343268507939854,122.17370407791509,1,-1,-1,-1
467,15.0,100.52545182761571,399.52666532563467,60.03278225574394,158.82830528244847,1,-1,-1,-1
467,17.0,648.7702909749282,437.9434482728975,61.87528587204076,118.58740274683134,1,-1,-1,-1
467,18.0,252.67620630709166,362.4866241747952,47.03399980207348,122.6329304129232,1,-1,-1,-1
468,15.0,72.83119516986068,400.42195600100615,62.58980697856131,157.81608815421168,1,-1,-1,-1
468,17.0,631.8751601206031,442.9681139870253,61.9026712452993,113.62000770372504,1,-1,-1,-1
468,18.0,232.4034273364113,364.7090948949415,47.97737405423635,123.5099324744466,1,-1,-1,-1
469,15.0,43.673191062266966,403.3317394964562,64.51311868467141,154.25861482188657,1,-1,-1,-1
469,17.0,614.5197265029577,445.99694176424504,62.617395581866276,110.56873927702821,1,-1,-1,-1
469,18.0,212.37486974637994,366.17622599571627,48.96765199103362,124.87109597167029,1,-1,-1,-1
470,15.0,15.623299879847671,405.12151915849324,66.40078995952297,152.21851368029286,1,-1,-1,-1
470,17.0,596.1494140319988,446.9906695667371,63.99793662110176,109.52459474074635,1,-1,-1,-1
470,18.0,191.62787398158568,366.7455244541706,50.27161548504262,127.23451276235289,1,-1,-1,-1
470,20.0,149.33482730311525,353.8682851239669,40.49434332765381,130.4721074380165,1,-1,-1,-1
471,15.0,-1.872461631116547,408.1606453670897,64.85675728691999,148.70552298995244,1,-1,-1,-1
471,17.0,576.2159934963953,445.816424260588,66.42459096167704,110.61749925315036,1,-1,-1,-1
471,18.0,171.42893460389575,367.16417447424476,51.3050970848615,129.59181994109946,1,-1,-1,-1
471,20.0,130.66169842770788,355.82829358652253,40.576241567021754,130.53753727803507,1,-1,-1,-1
472,15.0,-23.246504069909907,410.5309975542916,64.63958052326241,148.20669146254272,1,-1,-1,-1
472,17.0,556.2929167855901,443.9587228123305,69.17123214423839,112.46798054894714,1,-1,-1,-1
472,18.0,151.4223325287154,366.30229705593024,52.30660646116294,132.18717681438739,1,-1,-1,-1
472,20.0,108.5560117989532,350.61663168241375,42.59606977966064,136.92123772481148,1,-1,-1,-1
473,15.0,-44.62054521379464,412.9013497414935,64.42240116978759,147.707859935133,1,-1,-1,-1
473,17.0,535.8984454575743,442.9590584990465,71.6140607846263,113.65435095565954,1,-1,-1,-1
473,18.0,131.35399512630923,367.22001798616134,52.68564383099667,132.9046074163369,1,-1,-1,-1
473,20.0,87.81714975877479,350.99983858230144,43.36945111531243,138.8754940761878,1,-1,-1,-1
474,15.0,-65.99458506277075,415.27170192869545,64.2052192264955,147.20902840772322,1,-1,-1,-1
474,17.0,515.723711536347,442.46885220482665,73.78963399290546,114.17320667243013,1,-1,-1,-1
474,18.0,110.43991530854561,367.9867418863638,53.19325211179944,135.10631658481776,1,-1,-1,-1
474,20.0,67.01134885374897,355.37428316451206,43.34540054403321,137.66783458466534,1,-1,-1,-1
475,15.0,-87.36862361683824,417.64205411589734,63.98803469338617,146.7101968803135,1,-1,-1,-1
475,17.0,494.7625064521385,442.6598089710192,74.9565893471638,113.6807011380049,1,-1,-1,-1
475,18.0,89.58912086088692,367.9962582228326,53.54246542264649,137.29787261363873,1,-1,-1,-1
475,20.0,44.45017218644513,358.05732353923696,43.64413079686912,137.35916012746935,1,-1,-1,-1
476,15.0,-108.74266087599709,420.0124063030992,63.77084757045958,146.21136535290367,1,-1,-1,-1
476,17.0,471.955141792825,445.36417866561345,74.21272700058648,111.05120912573972,1,-1,-1,-1
476,18.0,67.30673471195615,368.5123923043222,54.36850345098229,139.89115302443707,1,-1,-1,-1
476,20.0,21.485838022991548,362.0201168062624,43.900732893117166,136.5762911434636,1,-1,-1,-1
477,17.0,452.3020900034164,448.2282911890777,74.24809046294581,108.11151194131457,1,-1,-1,-1
477,18.0,43.975795197241474,369.2639370430488,55.17636987584873,143.36454492527866,1,-1,-1,-1
477,20.0,1.2309736060147891,368.90854978556445,42.4642833380299,131.64498603817037,1,-1,-1,-1
478,17.0,432.53648353937024,452.1729641993661,73.89763229312928,104.13989198545084,1,-1,-1,-1
478,18.0,15.029810780893666,370.82817596888106,55.224565939206585,147.73323003348332,1,-1,-1,-1
478,20.0,-17.68162623950915,370.9704829583256,42.479640077877946,131.69257859774274,1,-1,-1,-1
479,17.0,410.5021289372665,456.8146454188562,73.08491319587347,99.87171608913701,1,-1,-1,-1
479,18.0,-5.320368855309965,372.0814913496974,55.91715525960762,149.58603393308482,1,-1,-1,-1
479,20.0,-36.59422608682809,373.03241613108673,42.494996821315986,131.74017115731522,1,-1,-1,-1
480,17.0,389.6599301386034,466.11410717593964,69.21927249886113,90.46825181623052,1,-1,-1,-1
480,18.0,-25.67054833776997,373.3348067305137,56.60974427252139,151.4388378326862,1,-1,-1,-1
480,20.0,-55.50682593594202,375.0943493038479,42.51035356834403,131.78776371688758,1,-1,-1,-1
481,17.0,364.0618440644769,462.16457532113236,73.61271293099372,94.18065110315376,1,-1,-1,-1
481,18.0,-46.020727666486344,374.58812211133,57.302332977947906,153.29164173228776,1,-1,-1,-1
481,20.0,-74.41942578685095,377.156282476609,42.52571031896206,131.83535627646006,1,-1,-1,-1
482,17.0,344.17976381925985,459.92143698482107,75.31040154187178,96.6656338552499,1,-1,-1,-1
482,18.0,-66.37090684145909,375.8414374921463,57.99492137588717,155.14444563188925,1,-1,-1,-1
482,20.0,-93.33202563955487,379.21821564937017,42.54106707317009,131.88294883603243,1,-1,-1,-1
483,17.0,314.32297229108633,457.47112821555714,78.10389630202394,99.04007375102907,1,-1,-1,-1
483,18.0,-86.7210858626882,377.09475287296266,58.687509466339165,156.99724953149064,1,-1,-1,-1
483,21.0,891.0591717308482,346.8348398760331,56.66884662094833,117.75619834710744,1,-1,-1,-1
484,17.0,287.4845403179858,456.35377294746655,79.9507468240891,100.48038152643477,1,-1,-1,-1
484,21.0,872.9652857769657,346.2234758671588,55.757658651825636,116.24359001520332,1,-1,-1,-1
485,17.0,260.62700029116513,456.0263021463564,80.42475413360359,100.40313417802321,1,-1,-1,-1
485,21.0,851.0625578960754,346.1729812606383,56.181005324271496,117.9274487121557,1,-1,-1,-1
486,17.0,234.43933162421,456.9888190799926,80.03602108458085,99.20320047976497,1,-1,-1,-1
486,21.0,833.333842865236,346.0062037001866,50.49104635285107,106.54990457638263,1,-1,-1,-1
487,17.0,207.75884240389948,459.98136166941333,78.75695831260364,96.6579317041901,1,-1,-1,-1
487,21.0,812.3512643722842,346.7629562127786,50.63692643010938,107.79906481827368,1,-1,-1,-1
488,17.0,181.84177813622165,466.07228478817217,75.13353936450682,90.91906639893,1,-1,-1,-1
488,21.0,795.8909844040215,346.8343945346276,49.66439719976495,105.72868877764364,1,-1,-1,-1
489,17.0,158.33574760084196,473.0858715373849,70.50810616764414,83.71530725181191,1,-1,-1,-1
489,21.0,779.4307043881139,346.90583285647665,48.69186806471089,103.65831273701349,1,-1,-1,-1
490,17.0,134.5038838097969,480.72400608094676,65.4420844186998,75.90246658871683,1,-1,-1,-1
490,21.0,762.970424324561,346.9772711783257,47.71933902494732,101.58793669638345,1,-1,-1,-1
490,22.0,706.2995477173866,348.6299070247934,50.677764069359114,120.97623966942149,1,-1,-1,-1
491,17.0,111.87348600510016,488.4244095331951,60.32992526251654,67.72492356215139,1,-1,-1,-1
491,21.0,746.5101442133629,347.0487095001747,46.746810080474006,99.5175606557533,1,-1,-1,-1
491,22.0,687.0975535764471,350.14019472402657,51.249328898775275,122.45467356780301,1,-1,-1,-1
492,17.0,86.8630991122978,493.82182855041214,57.64670439264698,62.380207992028375,1,-1,-1,-1
492,21.0,730.0498640545196,347.12014782202374,45.77428123129107,97.44718461512326,1,-1,-1,-1
492,22.0,665.1969987446668,352.29582683770866,51.51902760485598,123.71118204966189,1,-1,-1,-1
493,17.0,60.81968691328094,497.16218367468787,56.36061826653552,58.67668777725885,1,-1,-1,-1
493,22.0,643.0656613667284,353.562831295915,51.69397263962162,125.1296331222261,1,-1,-1,-1
494,17.0,31.20043104767485,499.0976568518773,56.63872867606776,56.92858294791148,1,-1,-1,-1
494,22.0,620.0354388135546,355.2565232680737,52.05097761239904,127.47151124751662,1,-1,-1,-1
495,17.0,5.192909771636998,501.18051552501964,55.73103843336462,55.082826350323955,1,-1,-1,-1
495,22.0,599.0807383425729,356.91300875681696,51.616505884457524,128.76980318637823,1,-1,-1,-1
496,17.0,-19.10559326447085,504.4359358246857,52.43312405274432,51.82254260584244,1,-1,-1,-1
496,22.0,578.2926128698674,359.0326796146713,51.144954746323265,130.54370944846897,1,-1,-1,-1
497,17.0,-43.40404998265991,507.6913561243517,49.13511703628644,48.562258861360874,1,-1,-1,-1
497,22.0,557.1800107941194,358.7412772033695,50.5041934424994,132.06758974359485,1,-1,-1,-1
498,17.0,-67.7024603829302,510.9467764240178,45.83701738399099,45.301975116879476,1,-1,-1,-1
498,22.0,534.2031332199863,358.83851239937667,49.2176174152454,131.91276563527663,1,-1,-1,-1
499,17.0,-92.00082446528168,514.2021967236839,42.53882509585797,42.04169137239796,1,-1,-1,-1
499,22.0,510.9709686276263,358.9165181186967,48.7653598038018,133.7075707208205,1,-1,-1,-1
499,25.0,545.5459723490891,364.8374225206611,48.841423070416795,148.9493801652892,1,-1,-1,-1
500,17.0,-116.29914222971439,517.4576170233499,39.240540171887375,38.78140762791645,1,-1,-1,-1
500,22.0,486.93474379392705,359.25714485620836,48.0112205958053,133.75774091844238,1,-1,-1,-1
500,25.0,523.2574345563578,364.1948431377299,49.88986342823421,151.91143610257689,1,-1,-1,-1
501,22.0,463.40230657398996,360.0064165638444,47.28584424211334,132.31522368639565,1,-1,-1,-1
501,25.0,500.2222541623646,363.41352622467787,50.30492355449519,153.33606416280963,1,-1,-1,-1
502,22.0,439.52064169317754,359.7521306510986,47.85876320417492,134.04490128727292,1,-1,-1,-1
502,25.0,476.9373875457765,362.9945790322349,48.452299189313806,147.31880562902057,1,-1,-1,-1
503,22.0,416.2774292288246,360.73056085581135,48.27103750347561,134.74584036364513,1,-1,-1,-1
503,25.0,450.5120795019832,361.84481393351325,51.42791346027258,156.4338399958392,1,-1,-1,-1
504,22.0,393.05572769289677,360.8772918228884,49.25562101576469,136.29354993970287,1,-1,-1,-1
504,25.0,430.7610981107134,362.34334896794985,48.96941218116666,150.0040266952126,1,-1,-1,-1
505,22.0,368.51031907634103,361.12054773629876,49.97255080348907,137.4221450595631,1,-1,-1,-1
505,25.0,407.71500928952463,363.0384337739752,48.63894479348107,149.84181340747176,1,-1,-1,-1
506,22.0,343.4136033728397,362.130138229784,51.404905228631094,140.44128827091293,1,-1,-1,-1
506,25.0,385.25493012303434,364.4025616112649,47.49661710696688,147.29945974904456,1,-1,-1,-1
507,22.0,318.0295471448894,363.64910983941616,52.037392075573734,142.53337914534563,1,-1,-1,-1
507,25.0,352.98342790291224,367.1666017718136,50.508326473562306,154.02027928487848,1,-1,-1,-1
508,22.0,291.83099887761034,366.63873632822697,52.50028778263959,146.06577509655733,1,-1,-1,-1
508,25.0,322.5296881350953,371.2919908116457,53.5441673023044,159.74705648270532,1,-1,-1,-1
509,22.0,265.899006241696,368.56876039907274,52.33486754178705,148.91727115018807,1,-1,-1,-1
509,25.0,293.6920764563241,374.5704561514089,55.957267982390476,163.6206889157291,1,-1,-1,-1
510,22.0,239.5006938474666,371.2156942481454,52.74081242273519,153.9404026750733,1,-1,-1,-1
510,25.0,268.4006874105926,377.6791193008478,58.291175197603934,167.01781111943592,1,-1,-1,-1
511,22.0,213.15750258997895,375.37006775933173,52.10867257413855,153.80509701372398,1,-1,-1,-1
511,25.0,241.26849550870503,382.02162744054715,60.83982281919623,169.80790374688775,1,-1,-1,-1
512,22.0,184.15957108116177,379.35376528599664,52.41864749144489,154.8848835389677,1,-1,-1,-1
512,25.0,212.18690296599226,386.31977571540807,61.70299618662659,168.93470528429435,1,-1,-1,-1
513,22.0,149.6544294486539,382.6572654745886,55.560680718209085,158.7394306981961,1,-1,-1,-1
513,25.0,183.63778087978594,389.15849603704834,61.77716161045984,166.53765293024543,1,-1,-1,-1
514,22.0,118.93661595285583,387.3463486647656,58.81431320190954,159.99691152719333,1,-1,-1,-1
514,25.0,155.51857736880334,392.3862497319342,61.86081300020166,164.6429022529785,1,-1,-1,-1
515,22.0,86.57113312518779,391.1864997768769,61.811325780229325,162.68685514006552,1,-1,-1,-1
515,25.0,127.30305570661635,396.2099444539148,61.762755138808174,161.31490495951846,1,-1,-1,-1
516,22.0,57.83582528181506,393.6821380996737,63.40218887673407,164.06268560587478,1,-1,-1,-1
516,25.0,94.96812107261545,398.4100755345054,62.65190693491647,159.8528535206923,1,-1,-1,-1
517,22.0,26.861516113973074,396.2056348244778,61.91243053819945,161.91739149296086,1,-1,-1,-1
517,25.0,64.0781993548061,401.5811599347039,63.17453490743088,156.4667356570376,1,-1,-1,-1
518,22.0,-2.266981015588769,397.0975601527251,59.21551847942185,158.87004949886511,1,-1,-1,-1
518,25.0,33.755415733748166,405.2787533908626,63.749126152785394,152.92770831363777,1,-1,-1,-1
518,28.0,915.2674599734726,383.90263429752065,36.32535897867467,138.21694214876027,1,-1,-1,-1
519,22.0,-29.661988220116015,399.33984496131075,59.59917527685828,159.89936175674552,1,-1,-1,-1
519,25.0,5.732822053857401,409.1367452508882,63.4560210754897,149.44027319203167,1,-1,-1,-1
519,28.0,900.0260689374458,382.4863899590186,37.12631558888302,139.22790809555028,1,-1,-1,-1
520,22.0,-57.05699543742179,401.5821297698964,59.98283209985178,160.92867401462587,1,-1,-1,-1
520,25.0,-12.62700379408129,411.5768732590428,60.43222544431586,146.6624214756706,1,-1,-1,-1
520,28.0,881.8719926629202,383.51492942961124,37.73617337863254,138.49696939910132,1,-1,-1,-1
521,22.0,-84.45200266750611,403.8244145784821,60.36648894840235,161.9579862725061,1,-1,-1,-1
521,25.0,-38.75169291501574,414.2963970943997,59.96542419626383,145.52927696135362,1,-1,-1,-1
521,28.0,864.2262767458235,383.25000613352967,38.88853750700571,139.5250548949527,1,-1,-1,-1
522,22.0,-111.84700991036897,406.06669938706773,60.75014582250999,162.9872985303864,1,-1,-1,-1
522,25.0,-64.87638117358338,417.0159209297566,59.498621223478196,144.3961324470365,1,-1,-1,-1
522,28.0,848.3245881198548,383.93812521920165,39.52691949231132,138.97320739082875,1,-1,-1,-1
523,22.0,-139.24201716601036,408.3089841956534,61.13380272217469,164.01661078826675,1,-1,-1,-1
523,25.0,-91.00106856978422,419.73544476511347,59.031816525958966,143.2629879327194,1,-1,-1,-1
523,28.0,832.4366354579976,382.5812711430387,39.95799239530868,137.36340588264642,1,-1,-1,-1
524,25.0,-117.12575510361827,422.45496860047035,58.565010103706136,142.1298434184024,1,-1,-1,-1
524,28.0,815.6739359227256,381.60905684918043,40.41395364544451,135.9183239995,1,-1,-1,-1
525,25.0,-143.25044077508554,425.1744924358272,58.09820195671969,140.99669890408524,1,-1,-1,-1
525,28.0,797.0088926025228,380.45703989638724,42.15596391571626,138.32713662225086,1,-1,-1,-1
526,28.0,778.2443378244425,380.3363280910236,43.49951182033817,138.02946324419565,1,-1,-1,-1
527,28.0,761.6459225116987,379.60669691041164,44.95648424054468,139.51514246522925,1,-1,-1,-1
528,28.0,746.3421114624364,379.93429724855565,45.98408376071859,140.4821157702857,1,-1,-1,-1
528,29.0,558.1409175135124,357.58729338842977,42.18562365066134,115.71435950413223,1,-1,-1,-1
529,28.0,730.9115708635657,380.48958749471853,47.36456546693523,142.41595095897128,1,-1,-1,-1
529,29.0,541.0614874036742,360.9181866063126,41.96751465275872,114.56034619744094,1,-1,-1,-1
530,28.0,715.9936898335498,381.7111010518099,48.40746300407113,143.70955142482626,1,-1,-1,-1
530,29.0,521.5601923809738,363.2878026491271,42.573539259165614,115.40830541344593,1,-1,-1,-1
531,28.0,700.7033050076388,381.18291644800183,49.83429079511143,146.40711028872965,1,-1,-1,-1
531,29.0,503.95524016598307,366.62187653947416,43.21726308095896,115.82896218830814,1,-1,-1,-1
532,28.0,685.1821697493018,384.66360210387586,50.20080063431601,145.60335228649035,1,-1,-1,-1
532,29.0,486.77787418277734,368.17474789982987,44.56795819211635,118.19502700379155,1,-1,-1,-1
532,30.0,451.90526501142483,368.81243543388433,39.22123650607591,104.72778925619838,1,-1,-1,-1
533,28.0,670.3033194211533,385.9742123453565,50.55078897911733,145.75342134082882,1,-1,-1,-1
533,29.0,470.857017237551,369.91150081246053,45.904532345135465,120.69716980348585,1,-1,-1,-1
533,30.0,436.01013813720124,369.36763967592935,40.50064657710328,108.35911466179323,1,-1,-1,-1
534,28.0,655.011349908813,386.9831071780044,50.788006907160366,145.6218214061546,1,-1,-1,-1
534,29.0,455.4225935546889,370.0074509014,46.90774221692487,122.55214892283266,1,-1,-1,-1
534,30.0,418.8740272323581,369.6741355683267,41.208683687615974,110.44604153237464,1,-1,-1,-1
535,28.0,640.5421329928796,387.1122147622153,51.269700693522736,146.374536053363,1,-1,-1,-1
535,29.0,439.83160316655307,370.90029029083354,48.044839282131704,125.21170235085953,1,-1,-1,-1
535,30.0,407.31868177472506,370.2635934653988,41.80892916967872,112.05479854406076,1,-1,-1,-1
536,28.0,626.4420033620381,386.9282459718555,51.5997225189011,146.96946299001127,1,-1,-1,-1
536,29.0,423.0963782473719,370.6291264104487,48.37079627862323,125.82886794037933,1,-1,-1,-1
536,30.0,385.2349568651754,370.5023366197038,42.65808276729655,115.16071938586896,1,-1,-1,-1
537,28.0,611.9302516504345,385.95792439815574,51.67500733712302,146.68116628849515,1,-1,-1,-1
537,29.0,406.2785789702332,371.4718918546191,49.01210609135251,128.36720272894382,1,-1,-1,-1
537,30.0,368.10460496660556,370.55476452346454,43.794564309424686,119.00326650410068,1,-1,-1,-1
538,28.0,597.875144632487,385.98785632786314,52.15270526318443,147.54015626324178,1,-1,-1,-1
538,29.0,388.97661596718274,372.4421878937751,49.48628254691664,130.9229388790527,1,-1,-1,-1
538,30.0,353.63481286805984,370.985019513558,44.63279031745594,121.28098901711809,1,-1,-1,-1
539,28.0,584.8113400235144,385.754994179567,52.738247510098404,148.25932609510244,1,-1,-1,-1
539,29.0,370.26148400561885,374.16262643543115,50.52245287529939,134.5471663835218,1,-1,-1,-1
539,30.0,330.6510864221852,373.97780631218734,44.322594941260434,120.5967063504321,1,-1,-1,-1
540,28.0,570.722517741703,386.75946446219587,53.15931969393398,149.50043885635182,1,-1,-1,-1
540,29.0,353.1386295620841,375.91313170946887,51.06766220371054,137.34513938906366,1,-1,-1,-1
540,30.0,312.74764130737094,376.25045553120043,44.74199758753571,121.1207412469231,1,-1,-1,-1
541,28.0,557.2314944078068,388.29409302992633,53.27463385476267,150.69080078648415,1,-1,-1,-1
541,29.0,335.33096084823626,379.2751899946544,51.20005997952785,137.22227385796043,1,-1,-1,-1
541,30.0,292.1659980449006,379.6971857849647,45.72620903958648,122.56375371754541,1,-1,-1,-1
542,28.0,541.522136928873,392.06811173989433,54.221902868946586,153.41863690181924,1,-1,-1,-1
542,29.0,318.713481821156,382.81936677328946,50.710369689428944,136.35558978426724,1,-1,-1,-1
542,30.0,271.0120158810033,380.860441367998,47.22892348089306,124.11836609558912,1,-1,-1,-1
543,28.0,527.5386627008903,394.15991923043964,54.45752597209582,154.18600522365693,1,-1,-1,-1
543,29.0,297.9640805150941,385.67928712654924,52.87696321325234,141.95378537184382,1,-1,-1,-1
543,30.0,252.05767827934227,384.879356429373,48.80667689665836,124.52405634530004,1,-1,-1,-1
544,28.0,514.0442523333886,396.6952023700557,55.09846800293235,156.65811941185535,1,-1,-1,-1
544,29.0,277.674190961732,390.1883220178645,55.61406835601673,149.19263845477622,1,-1,-1,-1
544,30.0,232.03185551390493,388.8647436505225,51.84216049463237,128.97157658732482,1,-1,-1,-1
545,28.0,500.5469936362005,396.3634344338937,55.15159840385974,157.4047389116833,1,-1,-1,-1
545,29.0,260.7677621459269,391.381126547142,56.05345298536366,150.90195627305764,1,-1,-1,-1
545,30.0,214.14605236427178,390.0110164785745,53.32080963101714,129.63479387429317,1,-1,-1,-1
546,28.0,487.7316887436111,396.2565849090614,54.92614192975083,157.6511219064688,1,-1,-1,-1
546,29.0,242.3196438890077,392.8717442547578,56.526728950665984,153.81920726103192,1,-1,-1,-1
546,30.0,194.1089806818797,389.76318567688423,56.505435933311446,134.47102228358295,1,-1,-1,-1
547,28.0,475.7247240562198,396.0790090353461,53.28707199220702,152.86791227086326,1,-1,-1,-1
547,29.0,223.96074934128848,394.4508414655566,56.816851276179534,155.91962179746673,1,-1,-1,-1
547,30.0,176.68234486261974,391.6623982578134,57.314313241002935,137.23249429604607,1,-1,-1,-1
548,28.0,462.25413987363777,396.4080580044973,54.0255218595089,155.0633050967749,1,-1,-1,-1
548,29.0,203.21054611392051,395.2554192410129,57.29638454229743,158.0249127860926,1,-1,-1,-1
548,30.0,156.06409183043073,396.2702555563036,57.1017575096661,137.99020126800497,1,-1,-1,-1
549,28.0,449.65113721431925,395.99811762059267,53.96195780545696,154.876760882217,1,-1,-1,-1
549,29.0,185.42220672517755,396.8957554770063,57.73858375864194,160.8623990123728,1,-1,-1,-1
549,30.0,136.63724718473827,398.3044451083595,57.19963973313244,140.07155027182415,1,-1,-1,-1
550,28.0,435.3091083941722,394.7846046674444,55.01247139432269,157.83382540454699,1,-1,-1,-1
550,29.0,164.7305037575348,397.66979141992147,57.28482598542635,160.90866603007123,1,-1,-1,-1
550,30.0,115.92322316332383,398.1086299038187,57.86744970821445,143.64573393056924,1,-1,-1,-1
551,28.0,422.69547156177936,394.4551687963891,55.55008764933706,159.6675509763952,1,-1,-1,-1
551,29.0,144.13854711787116,399.42376799709064,56.52350860128729,158.54939918073387,1,-1,-1,-1
551,30.0,93.88488443172456,399.48953454183425,58.74306009339519,148.27150845207893,1,-1,-1,-1
552,28.0,410.28932110707535,395.2982068582326,55.734487103507774,160.4234590387136,1,-1,-1,-1
552,29.0,122.52498062061888,401.71002379499566,56.097676160752584,156.72732822238686,1,-1,-1,-1
552,30.0,73.13371469329284,401.46023626655574,59.54575918840466,152.41001625149852,1,-1,-1,-1
553,28.0,397.66373643297356,396.2862043410843,55.860350647555606,160.3518200534478,1,-1,-1,-1
553,29.0,100.38907427591722,405.6558882233246,55.357807710731876,152.924816281704,1,-1,-1,-1
553,30.0,51.282317457340184,404.9782894276964,59.32358493933435,153.05938586172,1,-1,-1,-1
554,28.0,385.1431344038358,398.7455601845275,55.53456601036277,157.74391092430272,1,-1,-1,-1
554,29.0,77.27281095822173,409.42549459824363,55.12063883310381,148.84939133228966,1,-1,-1,-1
554,30.0,29.792731911581797,409.27940100826646,57.78241404618623,149.64036573135712,1,-1,-1,-1
555,28.0,372.2972244914588,400.6577151452316,55.28924941675814,155.39429629826088,1,-1,-1,-1
555,29.0,55.83536299158672,414.9774551853875,54.298398451200484,143.0324498585984,1,-1,-1,-1
555,30.0,7.7826501200010405,414.0793482878769,55.9567715871535,144.99829038069151,1,-1,-1,-1
556,28.0,358.3193655347229,401.77548985527653,55.49378759194428,154.66450651441266,1,-1,-1,-1
556,29.0,31.483790420706995,419.31304353104514,54.273353366022576,139.16645468775113,1,-1,-1,-1
556,30.0,-9.349168053276419,416.9774927297533,53.19537218457353,142.49327497669117,1,-1,-1,-1
557,28.0,344.2687188716023,401.94713552009205,55.975154820979355,154.55513379311014,1,-1,-1,-1
557,29.0,7.288117461355281,424.0286456287279,53.1886952508696,133.8937173418268,1,-1,-1,-1
557,30.0,-28.945838431648557,419.4096597671678,53.48799935975353,143.27723246644427,1,-1,-1,-1
558,28.0,330.29350281507914,401.7128961639064,56.69982489883694,154.845260572499,1,-1,-1,-1
558,29.0,-9.655528801233514,426.53323341179816,50.147202941289585,130.80541637244676,1,-1,-1,-1
558,30.0,-48.542508598598914,421.84182680458224,53.78062611208996,144.06118995619744,1,-1,-1,-1
559,28.0,316.64293672680407,400.08934738090215,57.918585604334055,157.1038257842655,1,-1,-1,-1
559,29.0,-29.81125919386232,429.50320059336366,49.53353098355273,129.20461088649074,1,-1,-1,-1
559,30.0,-68.13917855412748,424.27399384199674,54.073252441582824,144.84514744595066,1,-1,-1,-1
560,28.0,302.7515650028362,398.74057227425953,59.387778068749355,159.26559573402835,1,-1,-1,-1
560,29.0,-49.96698917904755,432.4731677749292,48.91985821092874,127.60380540053478,1,-1,-1,-1
560,30.0,-87.73584829823427,426.7061608794112,54.36587834823212,145.62910493570382,1,-1,-1,-1
561,28.0,289.2855634094213,396.9645032647709,60.451423386971214,160.9786569000022,1,-1,-1,-1
561,29.0,-70.12271875678923,435.44313495649476,48.306184623417614,126.00299991457882,1,-1,-1,-1
561,30.0,-107.33251783091927,429.1383279168257,54.65850383203785,146.41306242545693,1,-1,-1,-1
562,28.0,276.56939894956537,396.32241653928867,61.02376630937607,161.85937108880552,1,-1,-1,-1
562,29.0,-90.27844792708733,438.4131021380603,47.69251022101937,124.40219442862275,1,-1,-1,-1
563,28.0,263.83989788061064,395.8735820705755,61.43131643792816,162.3360684941198,1,-1,-1,-1
563,29.0,-110.43417668994186,441.38306931962586,47.07883500373399,122.80138894266679,1,-1,-1,-1
564,28.0,251.14414141330093,396.6512488333735,61.2390063613617,160.85025593046254,1,-1,-1,-1
565,28.0,238.7848633782547,398.9963882789367,61.1171861192594,158.77280307156002,1,-1,-1,-1
566,28.0,226.0597348934707,401.1558505450546,60.98053589206313,156.23339029540057,1,-1,-1,-1
567,28.0,212.97089180996997,405.3562233242357,60.513967885361154,151.78270282687566,1,-1,-1,-1
568,28.0,200.15995903556504,409.1190731172626,60.669358175153576,148.1967669646582,1,-1,-1,-1
569,28.0,186.8890193149948,411.4784619646196,61.22126211025952,145.557984518595,1,-1,-1,-1
570,28.0,173.612320189814,413.14868304283436,62.21886895644559,143.87130990555318,1,-1,-1,-1
571,28.0,159.83744825599436,414.99012376814335,63.06167945335599,142.12276841116034,1,-1,-1,-1
572,28.0,146.10383158938066,416.0761298744255,64.02422068512087,140.6883797999081,1,-1,-1,-1
573,28.0,132.19115971687722,416.56709099721905,65.26655925147179,140.21052571593378,1,-1,-1,-1
574,28.0,118.54459280792099,416.9993582690153,66.36888836629777,139.83273309225086,1,-1,-1,-1
575,28.0,104.24888599496511,417.4025978630887,67.49813740679566,139.4890169904424,1,-1,-1,-1
576,28.0,89.43337103802423,419.1526770022348,67.94633368589712,137.82119591042158,1,-1,-1,-1
577,28.0,75.14997674636328,420.7424455252643,68.54379804591349,136.32224596483263,1,-1,-1,-1
578,28.0,61.302258605590794,423.65758995900944,68.41694398208574,133.1352450972247,1,-1,-1,-1
579,28.0,46.2546979209376,426.43169085856226,68.791451913987,130.48830937937868,1,-1,-1,-1
580,28.0,34.00208906863549,430.4220107925232,67.50408188633708,125.70213059074877,1,-1,-1,-1
581,28.0,19.995084070559592,432.91046849380535,67.65986492054512,123.58679255454712,1,-1,-1,-1
582,28.0,5.8189460677014395,435.0171258223554,67.8821387411945,121.75403074395126,1,-1,-1,-1
583,28.0,-3.374091056926847,436.0664733217881,66.83863686083792,120.44617854146605,1,-1,-1,-1
584,28.0,-9.911660898685135,436.28873187942696,65.52352666788799,120.92856902201396,1,-1,-1,-1
585,28.0,-15.961955303644736,436.0295173968911,63.432432949398134,122.38099031072187,1,-1,-1,-1
586,28.0,-27.412171343975828,437.4447732252905,62.811964752119934,121.18215241386628,1,-1,-1,-1
587,28.0,-38.862378355503886,438.86002905368986,62.19147849723567,119.9833145170108,1,-1,-1,-1
588,28.0,-50.31257633822891,440.2752848820892,61.570974184745346,118.78447662015515,1,-1,-1,-1
589,28.0,-61.76276529215091,441.69054071048856,60.95045181464896,117.58563872329967,1,-1,-1,-1
590,28.0,-73.21294521726988,443.10579653888794,60.329911386946506,116.38680082644407,1,-1,-1,-1
591,31.0,49.9595342287524,324.27169421487605,43.700507988776195,91.23553719008265,1,-1,-1,-1
592,31.0,43.61819492487247,325.18557089207684,43.94627039181741,91.77536874882605,1,-1,-1,-1
593,31.0,36.41050705225132,325.5847607668331,44.3409556174108,92.62688273498196,1,-1,-1,-1
594,31.0,29.394139441024738,327.11689284028836,44.602809348553805,93.24305179107625,1,-1,-1,-1
595,31.0,22.100075226219673,327.5592726667155,45.27828696146095,94.71008246054487,1,-1,-1,-1
596,31.0,15.096229502642956,329.78013231262116,45.492200306647106,94.982768671168,1,-1,-1,-1
597,31.0,8.169593271244118,330.87697292031794,46.31543352411216,96.75370236437908,1,-1,-1,-1
598,31.0,1.6124712108051042,335.1288491587814,46.4977604628312,96.82773271297214,1,-1,-1,-1
599,31.0,-2.9345224305550595,337.8332312668694,46.5524423931882,97.69535032588198,1,-1,-1,-1
600,31.0,-5.869457587211766,340.23565208747215,45.78462096365581,97.69829768350138,1,-1,-1,-1
601,31.0,-8.547520843044026,341.15537613698655,45.15216583765517,99.08022485884044,1,-1,-1,-1
602,31.0,-10.630119762116239,344.30960290060983,43.59897007458511,99.32691033289979,1,-1,-1,-1
603,31.0,-15.705511394508996,346.1288776385563,43.90580153548685,100.0259883083134,1,-1,-1,-1
604,31.0,-20.780902853897853,347.9481523765028,44.21263265038079,100.72506628372707,1,-1,-1,-1
605,31.0,-25.85629414028281,349.7674271144493,44.51946341926693,101.42414425914069,1,-1,-1,-1
606,31.0,-30.931685253663858,351.5867018523958,44.826293842145255,102.12322223455436,1,-1,-1,-1
607,31.0,-36.007076194041005,353.4059765903422,45.13312391901578,102.82230020996798,1,-1,-1,-1
619,32.0,930.5605726031507,320.8704158057851,30.078234958987878,102.89514462809916,1,-1,-1,-1
620,32.0,931.4959169640199,321.79379633003293,30.67535241020687,105.39032198390908,1,-1,-1,-1
621,32.0,932.0626105960463,322.18799415153813,30.95447689186858,106.34930153114328,1,-1,-1,-1
622,32.0,932.6293042294903,322.58219197304334,31.23360137069494,107.30828107837755,1,-1,-1,-1
623,32.0,933.1959978643521,322.9763897945485,31.51272584668584,108.26726062561175,1,-1,-1,-1
624,32.0,933.7626915006316,323.3705876160537,31.791850319841387,109.22624017284602,1,-1,-1,-1
625,32.0,934.3293851383288,323.7647854375589,32.07097479016147,110.18521972008023,1,-1,-1,-1
699,33.0,421.45289283372966,309.74670712809916,47.20475152262321,79.2680785123967,1,-1,-1,-1
700,33.0,427.7476261001196,311.7584057032015,47.9402269584312,80.08071574393131,1,-1,-1,-1
701,33.0,431.5578403976151,312.86770583497014,47.964916643255265,80.12195762240322,1,-1,-1,-1
702,33.0,435.3680546949652,313.9770059667388,47.98960632837003,80.16319950087518,1,-1,-1,-1
703,33.0,439.17826899217,315.0863060985074,48.014296013775606,80.20444137934714,1,-1,-1,-1
704,33.0,442.98848328922935,316.19560623027604,48.03898569947188,80.24568325781905,1,-1,-1,-1
705,33.0,446.79869758614336,317.3049063620447,48.06367538545902,80.28692513629102,1,-1,-1,-1
708,34.0,497.56643140080666,324.1027892561983,50.32374876863469,87.70609504132233,1,-1,-1,-1
709,34.0,505.8962221751427,322.844120428831,51.40363982720976,89.07928667326445,1,-1,-1,-1
710,34.0,514.0448072064294,328.58646158181546,52.00483275248371,89.49266772437147,1,-1,-1,-1
711,34.0,524.7571320733065,329.8390597060045,51.47273822188458,88.07128226075747,1,-1,-1,-1
712,34.0,533.8347387149863,333.7258682366996,52.4413845549833,89.48181465127584,1,-1,-1,-1
713,34.0,545.1408655165684,334.92127055924095,51.2206449714198,87.22454788472834,1,-1,-1,-1
714,34.0,558.8486103397586,335.96643689749163,51.47112305837334,88.37879175554843,1,-1,-1,-1
715,34.0,567.996987558741,336.5222849219202,51.654642231246044,88.96072927858683,1,-1,-1,-1
716,34.0,575.9809275465568,334.9406633725514,52.54114421797419,90.81379490853158,1,-1,-1,-1
717,34.0,584.6806976330223,333.64962523805593,53.16067089769774,92.4914536024599,1,-1,-1,-1
718,34.0,594.0253097534867,332.5150637856977,54.31074758246302,95.05080004577769,1,-1,-1,-1
719,34.0,603.4329025060888,333.69258522012774,55.271605476537275,96.6547950720597,1,-1,-1,-1
720,34.0,613.8231482157336,334.53221901250856,56.433590092521854,98.4256504896315,1,-1,-1,-1
721,34.0,623.1850807564374,336.9227580939371,56.95387835559052,99.76426952713263,1,-1,-1,-1
722,34.0,635.095412431962,340.9077258347099,56.22922274419841,99.5880702284204,1,-1,-1,-1
723,34.0,649.122769348109,344.69405659723367,54.578244748320344,98.57455561834064,1,-1,-1,-1
724,34.0,658.9875869266884,346.1433364493037,54.97404028861524,99.28944680092377,1,-1,-1,-1
725,34.0,668.8524046613169,347.59261630137377,55.369835516812145,100.0043379835069,1,-1,-1,-1
726,34.0,678.7172225519943,349.0418961534439,55.76563043291105,100.71922916609003,1,-1,-1,-1
727,34.0,688.5820405987207,350.4911760055139,56.16142503691208,101.43412034867322,1,-1,-1,-1
728,34.0,704.3519025776782,358.37308077157326,60.49719035877513,108.93107694097807,1,-1,-1,-1
729,34.0,718.0167599805027,358.4134048533434,63.07104362576854,111.2493923636934,1,-1,-1,-1
730,34.0,730.6939774795827,361.7597108838504,66.03435259167702,113.93300238532083,1,-1,-1,-1
731,34.0,742.5326544423117,365.34909187108923,67.63505285513997,115.76777774720625,1,-1,-1,-1
732,34.0,755.4222287360959,368.9882000841725,67.3430195548342,115.2541294637266,1,-1,-1,-1
733,34.0,771.5950348294189,371.78377504966613,66.54591860245705,115.07122322695784,1,-1,-1,-1
734,34.0,787.7841405975656,374.13928627019953,66.48117722440077,117.07741832759137,1,-1,-1,-1
735,34.0,800.0812085408581,371.41797883338313,67.68591566759778,120.76955231341793,1,-1,-1,-1
736,34.0,813.0162657668423,372.70041532703067,68.57730650382155,122.6308171177131,1,-1,-1,-1
737,34.0,825.5991056602879,372.15833062092133,69.38113969671758,124.99992335029498,1,-1,-1,-1
738,34.0,841.1476207150615,374.68312135764074,70.22887002626044,126.71166884613655,1,-1,-1,-1
739,34.0,857.4265149486206,375.5851925698168,72.22182209883727,129.82913100847753,1,-1,-1,-1
740,34.0,872.1776511612923,378.7240985947244,73.40325659724567,132.10806271851982,1,-1,-1,-1
741,34.0,888.0921136302188,383.98773169025264,72.90532340508025,132.12068967429093,1,-1,-1,-1
742,34.0,902.4919588639397,389.54888716388604,70.42237421997345,132.45843574342524,1,-1,-1,-1
743,34.0,915.7964238818556,391.9512088664867,71.23703577728065,133.99097374221856,1,-1,-1,-1
744,34.0,929.1008902959373,394.35353056908735,72.0516945422562,135.52351174101187,1,-1,-1,-1
745,34.0,942.4053581061848,396.755852271688,72.8663505149002,137.0560497398052,1,-1,-1,-1
746,34.0,955.7098273125981,399.1581739742886,73.68100369521255,138.58858773859845,1,-1,-1,-1
747,34.0,969.0142979151773,401.5604956768893,74.49565408319347,140.12112573739165,1,-1,-1,-1
